# File generated by CMD 2.7 (http://stev.oapd.inaf.it/cmd) on Sun Feb 22 16:37:05 CET 2015
# PARSEC isochrones, release v1.2S
# Basic references: Bressan et al. (2012), MNRAS, 427, 127 + Chen et al. (2014), MNRAS, 444, 2525 + Tang et al. (2014), MNRAS, 445, 4287
# Warning: the TP-AGB phase is not included! TP-AGB tracks are in preparation by Marigo et al.
# Photometric system: DECAM (ABmags)
# BCs of Carbon stars derive from Aringer et al. (2009, A&A 503, 913)
# O-rich circumstellar dust ignored
# C-rich circumstellar dust ignored
# IMF: Chabrier (2001) lognormal 
# On RGB, assumed Reimers mass loss with efficiency eta=0.2
# Kind of output: isochrone tables
#	Isochrone  Z = 0.00020	Y = 0.24900	[M/H] = -1.890	eta_R = 0.200	Age = 	1.2000e+10 yr
#      Z	log(age/yr)	M_ini   	M_act	logL/Lo	logTe	logG	mbol    DECam-u DES-g   DES-r   DES-i   DES-z   DES-Y	int_IMF	stage
	0.000200	10.0792	0.09000000	0.0900	-3.2008	3.4878	5.4965	12.772	21.163	16.111	14.060	12.642	12.233	12.069	1.46765435	1
	0.000200	10.0792	0.09338250	0.0934	-3.0664	3.5077	5.4574	12.436	20.050	15.405	13.451	12.298	11.924	11.769	1.50356567	1
	0.000200	10.0792	0.10000000	0.1000	-2.8178	3.5443	5.3851	11.814	17.872	14.177	12.418	11.651	11.333	11.198	1.57040203	1
	0.000200	10.0792	0.12000000	0.1200	-2.5229	3.5751	5.2924	11.077	15.791	12.954	11.411	10.868	10.583	10.468	1.74782515	1
	0.000200	10.0792	0.14000000	0.1400	-2.3384	3.5898	5.2339	10.616	14.786	12.265	10.871	10.386	10.126	10.023	1.89584959	1
	0.000200	10.0792	0.16000000	0.1600	-2.1939	3.5994	5.1855	10.255	14.075	11.758	10.459	10.011	9.767	9.671	2.02115250	1
	0.000200	10.0792	0.20000000	0.2000	-1.9735	3.6115	5.1105	9.704	13.275	11.080	9.871	9.452	9.227	9.140	2.22178221	1
	0.000200	10.0792	0.25000000	0.2500	-1.7722	3.6225	5.0500	9.201	12.556	10.465	9.335	8.943	8.735	8.655	2.40809011	1
	0.000200	10.0792	0.30000001	0.3000	-1.6178	3.6316	5.0113	8.815	12.001	9.992	8.922	8.552	8.358	8.284	2.54750419	1
	0.000200	10.0792	0.34999999	0.3500	-1.4909	3.6399	4.9846	8.497	11.534	9.598	8.579	8.231	8.049	7.981	2.65552020	1
	0.000200	10.0792	0.40000001	0.4000	-1.3636	3.6491	4.9522	8.179	11.048	9.195	8.234	7.909	7.741	7.678	2.74133730	1
	0.000200	10.0792	0.44999999	0.4500	-1.2066	3.6646	4.9083	7.787	10.375	8.679	7.807	7.516	7.371	7.317	2.81098008	1
	0.000200	10.0792	0.50000000	0.4999	-1.0313	3.6832	4.8528	7.348	9.610	8.106	7.334	7.082	6.963	6.921	2.86847806	1
	0.000200	10.0792	0.55000001	0.5499	-0.8249	3.7038	4.7705	6.832	8.750	7.462	6.794	6.581	6.489	6.459	2.91663504	1
	0.000200	10.0792	0.60000002	0.5998	-0.6153	3.7294	4.7010	6.308	7.874	6.817	6.265	6.097	6.034	6.018	2.95739889	1
	0.000200	10.0792	0.60047668	0.6003	-0.6133	3.7297	4.7004	6.303	7.865	6.810	6.260	6.093	6.030	6.014	2.95775747	1
	0.000200	10.0792	0.61240286	0.6122	-0.5604	3.7368	4.6845	6.171	7.654	6.651	6.132	5.976	5.920	5.908	2.96656513	1
	0.000200	10.0792	0.62302983	0.6228	-0.5130	3.7431	4.6697	6.052	7.466	6.508	6.016	5.871	5.822	5.813	2.97415328	1
	0.000200	10.0792	0.63289720	0.6327	-0.4686	3.7489	4.6552	5.941	7.291	6.375	5.908	5.772	5.730	5.723	2.98098969	1
	0.000200	10.0792	0.64247340	0.6422	-0.4251	3.7544	4.6404	5.833	7.135	6.249	5.804	5.677	5.640	5.636	2.98743343	1
	0.000200	10.0792	0.64999998	0.6497	-0.3906	3.7587	4.6280	5.746	7.016	6.150	5.722	5.601	5.569	5.567	2.99236870	1
	0.000200	10.0792	0.65642279	0.6561	-0.3608	3.7622	4.6164	5.672	6.914	6.065	5.651	5.535	5.506	5.506	2.99649358	1
	0.000200	10.0792	0.66713214	0.6668	-0.3103	3.7679	4.5958	5.546	6.744	5.922	5.530	5.423	5.400	5.402	3.00319958	1
	0.000200	10.0792	0.67768079	0.6773	-0.2593	3.7734	4.5739	5.418	6.574	5.778	5.408	5.309	5.292	5.297	3.00960422	1
	0.000200	10.0792	0.68700367	0.6866	-0.2129	3.7783	4.5527	5.302	6.432	5.649	5.296	5.206	5.193	5.200	3.01510596	1
	0.000200	10.0792	0.69602621	0.6956	-0.1666	3.7829	4.5305	5.186	6.295	5.522	5.185	5.101	5.093	5.102	3.02029419	1
	0.000200	10.0792	0.69999999	0.6996	-0.1458	3.7849	4.5202	5.135	6.234	5.465	5.135	5.055	5.049	5.058	3.02253795	1
	0.000200	10.0792	0.70926791	0.7088	-0.0952	3.7893	4.4930	5.008	6.089	5.327	5.012	4.939	4.937	4.949	3.02767658	1
	0.000200	10.0792	0.71773070	0.7172	-0.0465	3.7933	4.4654	4.886	5.951	5.195	4.894	4.827	4.829	4.842	3.03225636	1
	0.000200	10.0792	0.72608769	0.7255	0.0042	3.7972	4.4351	4.759	5.808	5.057	4.770	4.709	4.716	4.730	3.03667736	1
	0.000200	10.0792	0.73326582	0.7327	0.0503	3.8004	4.4062	4.644	5.682	4.933	4.657	4.602	4.611	4.627	3.04039669	1
	0.000200	10.0792	0.74022055	0.7396	0.0977	3.8034	4.3750	4.526	5.558	4.806	4.540	4.490	4.503	4.520	3.04393363	1
	0.000200	10.0792	0.74717629	0.7465	0.1484	3.8063	4.3399	4.399	5.426	4.670	4.415	4.370	4.385	4.403	3.04740691	1
	0.000200	10.0792	0.75000000	0.7493	0.1701	3.8074	4.3243	4.345	5.370	4.612	4.362	4.318	4.335	4.353	3.04879928	1
	0.000200	10.0792	0.75200576	0.7513	0.1855	3.8083	4.3136	4.306	5.330	4.571	4.323	4.281	4.299	4.317	3.04978204	1
	0.000200	10.0792	0.75856972	0.7578	0.2402	3.8110	4.2734	4.170	5.190	4.426	4.188	4.150	4.171	4.190	3.05296302	1
	0.000200	10.0792	0.76457596	0.7637	0.2945	3.8132	4.2310	4.034	5.052	4.282	4.053	4.019	4.042	4.061	3.05582738	1
	0.000200	10.0792	0.77017099	0.7692	0.3482	3.8147	4.1866	3.900	4.917	4.142	3.918	3.888	3.912	3.932	3.05845666	1
	0.000200	10.0792	0.77400422	0.7730	0.3878	3.8152	4.1513	3.800	4.819	4.039	3.819	3.789	3.814	3.835	3.06023669	1
	0.000200	10.0792	0.77565664	0.7746	0.4066	3.8151	4.1330	3.754	4.773	3.992	3.771	3.742	3.766	3.787	3.06099868	1
	0.000200	10.0792	0.78014517	0.7790	0.4622	3.8134	4.0731	3.614	4.642	3.854	3.630	3.598	3.621	3.641	3.06305289	1
	0.000200	10.0792	0.78328490	0.7821	0.5066	3.8107	4.0193	3.503	4.540	3.747	3.516	3.480	3.501	3.519	3.06447625	1
	0.000200	10.0792	0.78395432	0.7827	0.5169	3.8099	4.0062	3.478	4.517	3.723	3.490	3.453	3.472	3.490	3.06477833	2
	0.000200	10.0792	0.78569520	0.7844	0.5472	3.8063	3.9625	3.402	4.452	3.655	3.411	3.369	3.385	3.401	3.06556153	2
	0.000200	10.0792	0.78753418	0.7862	0.5834	3.8006	3.9047	3.311	4.377	3.576	3.315	3.265	3.275	3.289	3.06638527	2
	0.000200	10.0792	0.78897268	0.7876	0.6166	3.7937	3.8444	3.228	4.323	3.510	3.228	3.166	3.169	3.181	3.06702685	2
	0.000200	10.0792	0.79012990	0.7887	0.6471	3.7855	3.7820	3.152	4.280	3.455	3.147	3.072	3.067	3.075	3.06754136	2
	0.000200	10.0792	0.79131293	0.7898	0.6819	3.7747	3.7043	3.065	4.237	3.398	3.054	2.962	2.946	2.949	3.06806588	2
	0.000200	10.0792	0.79213339	0.7906	0.7094	3.7664	3.6439	2.996	4.222	3.356	2.982	2.877	2.852	2.851	3.06842875	2
	0.000200	10.0792	0.79284781	0.7913	0.7388	3.7587	3.5842	2.923	4.197	3.307	2.905	2.788	2.755	2.751	3.06874418	2
	0.000200	10.0792	0.79353988	0.7919	0.7776	3.7520	3.5189	2.826	4.141	3.231	2.806	2.679	2.638	2.631	3.06904936	2
	0.000200	10.0792	0.79409003	0.7924	0.8171	3.7475	3.4619	2.727	4.079	3.148	2.706	2.572	2.526	2.517	3.06929135	2
	0.000200	10.0792	0.79446995	0.7927	0.8489	3.7449	3.4198	2.648	4.025	3.078	2.626	2.488	2.439	2.428	3.06945825	3
	0.000200	10.0792	0.79455352	0.7928	0.8564	3.7444	3.4103	2.629	4.011	3.061	2.607	2.468	2.419	2.408	3.06949496	3
	0.000200	10.0792	0.79508537	0.7933	0.9071	3.7416	3.3487	2.502	3.911	2.944	2.480	2.336	2.284	2.271	3.06972837	3
	0.000200	10.0792	0.79558605	0.7937	0.9593	3.7392	3.2872	2.372	3.804	2.822	2.349	2.202	2.147	2.133	3.06994796	3
	0.000200	10.0792	0.79605180	0.7941	1.0116	3.7373	3.2274	2.241	3.693	2.698	2.218	2.068	2.010	1.995	3.07015181	3
	0.000200	10.0792	0.79644126	0.7944	1.0583	3.7357	3.1744	2.124	3.592	2.587	2.101	1.948	1.889	1.873	3.07032228	3
	0.000200	10.0792	0.79683846	0.7947	1.1094	3.7340	3.1167	1.996	3.480	2.465	1.973	1.818	1.757	1.740	3.07049561	3
	0.000200	10.0792	0.79719996	0.7950	1.1599	3.7325	3.0604	1.870	3.368	2.345	1.847	1.689	1.626	1.609	3.07065344	3
	0.000200	10.0792	0.79752797	0.7952	1.2097	3.7309	3.0046	1.746	3.257	2.226	1.723	1.562	1.498	1.479	3.07079649	3
	0.000200	10.0792	0.79783237	0.7954	1.2602	3.7294	2.9478	1.619	3.148	2.105	1.596	1.433	1.367	1.347	3.07092905	3
	0.000200	10.0792	0.79810578	0.7955	1.3098	3.7279	2.8924	1.496	3.039	1.986	1.472	1.306	1.238	1.218	3.07104826	3
	0.000200	10.0792	0.79836595	0.7956	1.3612	3.7263	2.8348	1.367	2.927	1.863	1.343	1.175	1.105	1.084	3.07116151	3
	0.000200	10.0792	0.79858649	0.7957	1.4089	3.7248	2.7809	1.248	2.825	1.750	1.223	1.053	0.981	0.959	3.07125735	3
	0.000200	10.0792	0.79878432	0.7957	1.4557	3.7233	2.7282	1.131	2.730	1.640	1.107	0.934	0.860	0.837	3.07134318	3
	0.000200	10.0792	0.79897904	0.7957	1.5062	3.7216	2.6711	1.004	2.627	1.522	0.981	0.805	0.730	0.706	3.07142782	3
	0.000200	10.0792	0.79914343	0.7957	1.5531	3.7200	2.6176	0.887	2.532	1.412	0.864	0.686	0.608	0.583	3.07149911	3
	0.000200	10.0792	0.79929197	0.7956	1.5994	3.7184	2.5651	0.771	2.439	1.304	0.749	0.568	0.488	0.463	3.07156372	3
	0.000200	10.0792	0.79942954	0.7955	1.6461	3.7168	2.5119	0.655	2.344	1.196	0.633	0.449	0.368	0.341	3.07162333	3
	0.000200	10.0792	0.79955560	0.7954	1.6928	3.7151	2.4583	0.538	2.253	1.087	0.517	0.330	0.246	0.219	3.07167792	3
	0.000200	10.0792	0.79966503	0.7953	1.7370	3.7135	2.4077	0.428	2.167	0.985	0.407	0.217	0.131	0.103	3.07172537	3
	0.000200	10.0792	0.79976892	0.7951	1.7826	3.7119	2.3554	0.313	2.078	0.880	0.294	0.100	0.013	-0.017	3.07177043	3
	0.000200	10.0792	0.79986143	0.7949	1.8268	3.7102	2.3044	0.203	1.994	0.779	0.184	-0.013	-0.102	-0.133	3.07181048	3
	0.000200	10.0792	0.79994613	0.7947	1.8705	3.7085	2.2538	0.094	1.910	0.678	0.075	-0.125	-0.216	-0.247	3.07184720	3
	0.000200	10.0792	0.80000001	0.7945	1.8999	3.7075	2.2201	0.020	1.853	0.611	0.002	-0.200	-0.292	-0.324	3.07187057	3
	0.000200	10.0792	0.80000567	0.7945	1.9029	3.7074	2.2166	0.013	1.847	0.604	-0.005	-0.207	-0.300	-0.332	3.07187319	3
	0.000200	10.0792	0.80008107	0.7942	1.9474	3.7056	2.1647	-0.099	1.763	0.503	-0.115	-0.321	-0.416	-0.449	3.07190585	3
	0.000200	10.0792	0.80015039	0.7939	1.9918	3.7038	2.1130	-0.210	1.679	0.402	-0.226	-0.435	-0.532	-0.566	3.07193565	3
	0.000200	10.0792	0.80021608	0.7935	2.0374	3.7021	2.0605	-0.323	1.591	0.298	-0.338	-0.551	-0.650	-0.685	3.07196426	3
	0.000200	10.0792	0.80027390	0.7931	2.0797	3.7002	2.0103	-0.429	1.513	0.204	-0.443	-0.659	-0.761	-0.797	3.07198930	3
	0.000200	10.0792	0.80032951	0.7926	2.1230	3.6984	1.9596	-0.538	1.443	0.109	-0.549	-0.769	-0.873	-0.911	3.07201338	3
	0.000200	10.0792	0.80038732	0.7920	2.1678	3.6966	1.9073	-0.650	1.372	0.010	-0.659	-0.883	-0.990	-1.028	3.07203841	3
	0.000200	10.0792	0.80043894	0.7914	2.1910	3.6956	1.8800	-0.708	1.335	-0.040	-0.715	-0.942	-1.050	-1.089	3.07206059	3
	0.000200	10.0792	0.80047077	0.7911	2.1817	3.6963	1.8919	-0.684	1.344	-0.022	-0.693	-0.918	-1.025	-1.063	3.07207441	3
	0.000200	10.0792	0.80047762	0.7910	2.1886	3.6960	1.8835	-0.702	1.334	-0.037	-0.710	-0.935	-1.043	-1.082	3.07207727	3
	0.000200	10.0792	0.80051541	0.7905	2.2304	3.6941	1.8338	-0.806	1.273	-0.127	-0.812	-1.041	-1.152	-1.192	3.07209373	3
	0.000200	10.0792	0.80055356	0.7899	2.2749	3.6923	1.7817	-0.917	1.203	-0.223	-0.920	-1.154	-1.267	-1.308	3.07211018	3
	0.000200	10.0792	0.80058604	0.7893	2.3153	3.6903	1.7332	-1.018	1.146	-0.308	-1.018	-1.256	-1.372	-1.415	3.07212424	3
	0.000200	10.0792	0.80061793	0.7887	2.3576	3.6883	1.6826	-1.124	1.085	-0.398	-1.121	-1.364	-1.482	-1.526	3.07213807	3
	0.000200	10.0792	0.80064774	0.7879	2.4001	3.6865	1.6323	-1.230	1.022	-0.489	-1.225	-1.471	-1.593	-1.638	3.07215095	3
	0.000200	10.0792	0.80067378	0.7872	2.4399	3.6844	1.5837	-1.330	0.969	-0.571	-1.321	-1.572	-1.697	-1.743	3.07216215	3
	0.000200	10.0792	0.80069959	0.7863	2.4825	3.6825	1.5331	-1.436	0.908	-0.661	-1.424	-1.680	-1.807	-1.855	3.07217336	3
	0.000200	10.0792	0.80072248	0.7854	2.5230	3.6805	1.4841	-1.537	0.854	-0.744	-1.522	-1.783	-1.913	-1.963	3.07218337	3
	0.000200	10.0792	0.80074382	0.7844	2.5634	3.6785	1.4349	-1.639	0.804	-0.826	-1.620	-1.886	-2.019	-2.070	3.07219243	3
	0.000200	10.0792	0.80076420	0.7833	2.6047	3.6765	1.3854	-1.742	0.751	-0.911	-1.720	-1.991	-2.127	-2.179	3.07220125	3
	0.000200	10.0792	0.80078614	0.7818	2.6524	3.6738	1.3260	-1.861	0.704	-1.003	-1.833	-2.111	-2.251	-2.305	3.07221079	3
	0.000200	10.0792	0.80080378	0.7805	2.6941	3.6719	1.2759	-1.965	0.659	-1.086	-1.932	-2.215	-2.358	-2.414	3.07221842	3
	0.000200	10.0792	0.80082196	0.7789	2.7402	3.6692	1.2180	-2.081	0.625	-1.171	-2.039	-2.330	-2.477	-2.535	3.07222629	3
	0.000200	10.0792	0.80083698	0.7773	2.7813	3.6672	1.1682	-2.183	0.585	-1.250	-2.136	-2.432	-2.583	-2.642	3.07223272	3
	0.000200	10.0792	0.80085218	0.7754	2.8260	3.6645	1.1113	-2.295	0.558	-1.330	-2.239	-2.543	-2.699	-2.760	3.07223940	3
	0.000200	10.0792	0.80086493	0.7735	2.8659	3.6625	1.0623	-2.395	0.523	-1.405	-2.332	-2.642	-2.802	-2.864	3.07224488	3
	0.000200	10.0792	0.80087823	0.7712	2.9108	3.6597	1.0052	-2.507	0.498	-1.484	-2.435	-2.754	-2.918	-2.982	3.07225060	3
	0.000200	10.0792	0.80089176	0.7685	2.9600	3.6571	0.9442	-2.630	0.464	-1.573	-2.550	-2.876	-3.045	-3.112	3.07225633	3
	0.000200	10.0792	0.80090272	0.7658	3.0028	3.6543	0.8883	-2.737	0.453	-1.642	-2.647	-2.983	-3.156	-3.226	3.07226110	3
	0.000200	10.0792	0.80091214	0.7631	3.0421	3.6522	0.8393	-2.835	0.430	-1.711	-2.738	-3.080	-3.258	-3.329	3.07226515	3
	0.000200	10.0792	0.80092180	0.7598	3.0850	3.6494	0.7832	-2.942	0.422	-1.779	-2.834	-3.186	-3.369	-3.442	3.07226944	3
	0.000200	10.0792	0.80093175	0.7558	3.1320	3.6467	0.7233	-3.060	0.407	-1.855	-2.938	-3.300	-3.488	-3.564	3.07227373	3
	0.000200	10.0792	0.80094010	0.7519	3.1741	3.6439	0.6675	-3.165	0.410	-1.916	-3.028	-3.400	-3.594	-3.673	3.07227731	3
	0.000200	10.0792	0.80094850	0.7471	3.2191	3.6412	0.6092	-3.278	0.403	-1.985	-3.127	-3.508	-3.708	-3.789	3.07228088	3
	0.000200	10.0792	0.80095631	0.7419	3.2620	3.6385	0.5522	-3.385	0.406	-2.047	-3.219	-3.611	-3.816	-3.900	3.07228422	3
	0.000200	10.0792	0.80095851	0.7403	3.2721	3.6379	0.5388	-3.410	0.405	-2.062	-3.241	-3.636	-3.842	-3.926	3.07228518	4
	0.000200	10.0792	0.80095851	0.7403	1.6807	3.8750	3.0787	0.568	1.562	0.541	0.590	0.695	0.743	0.784	3.07228518	4
	0.000200	10.0792	0.80096000	0.7403	1.6973	3.8648	3.0211	0.527	1.536	0.524	0.537	0.623	0.665	0.704	3.07228589	4
	0.000200	10.0792	0.80101311	0.7403	1.7039	3.8632	3.0084	0.510	1.522	0.510	0.518	0.601	0.644	0.681	3.07230878	4
	0.000200	10.0792	0.80106759	0.7403	1.7043	3.8641	3.0116	0.509	1.519	0.507	0.518	0.603	0.646	0.684	3.07233238	4
	0.000200	10.0792	0.80112380	0.7403	1.7043	3.8653	3.0162	0.509	1.517	0.504	0.519	0.607	0.649	0.688	3.07235670	4
	0.000200	10.0792	0.80118024	0.7403	1.7043	3.8665	3.0213	0.509	1.516	0.501	0.521	0.611	0.654	0.693	3.07238102	4
	0.000200	10.0792	0.80123681	0.7403	1.7041	3.8678	3.0265	0.510	1.514	0.498	0.523	0.615	0.659	0.698	3.07240558	4
	0.000200	10.0792	0.80129397	0.7403	1.7039	3.8690	3.0316	0.510	1.513	0.496	0.525	0.619	0.663	0.703	3.07243013	4
	0.000200	10.0792	0.80135202	0.7403	1.7037	3.8701	3.0362	0.511	1.512	0.494	0.527	0.623	0.668	0.708	3.07245517	4
	0.000200	10.0792	0.80140990	0.7403	1.7035	3.8709	3.0396	0.511	1.511	0.492	0.528	0.626	0.671	0.711	3.07248020	4
	0.000200	10.0792	0.80146492	0.7403	1.7037	3.8712	3.0405	0.511	1.510	0.491	0.528	0.626	0.671	0.712	3.07250404	4
	0.000200	10.0792	0.80152053	0.7403	1.7041	3.8712	3.0403	0.510	1.509	0.490	0.527	0.625	0.671	0.711	3.07252789	4
	0.000200	10.0792	0.80157483	0.7403	1.7047	3.8707	3.0376	0.508	1.509	0.489	0.525	0.622	0.667	0.708	3.07255125	4
	0.000200	10.0792	0.80162966	0.7403	1.7055	3.8697	3.0328	0.506	1.508	0.490	0.521	0.617	0.662	0.702	3.07257509	4
	0.000200	10.0792	0.80168265	0.7403	1.7067	3.8681	3.0252	0.503	1.507	0.491	0.517	0.609	0.653	0.693	3.07259798	4
	0.000200	10.0792	0.80173552	0.7403	1.7083	3.8660	3.0150	0.499	1.507	0.492	0.510	0.599	0.642	0.681	3.07262063	4
	0.000200	10.0792	0.80179173	0.7403	1.7103	3.8629	3.0006	0.494	1.506	0.495	0.502	0.584	0.626	0.664	3.07264495	4
	0.000200	10.0792	0.80184728	0.7403	1.7127	3.8591	2.9832	0.488	1.506	0.498	0.491	0.567	0.607	0.644	3.07266879	4
	0.000200	10.0792	0.80190450	0.7403	1.7157	3.8546	2.9620	0.481	1.505	0.502	0.479	0.546	0.584	0.619	3.07269359	4
	0.000200	10.0792	0.80196297	0.7403	1.7192	3.8490	2.9361	0.472	1.506	0.508	0.464	0.520	0.556	0.589	3.07271862	4
	0.000200	10.0792	0.80201614	0.7403	1.7229	3.8432	2.9093	0.463	1.507	0.515	0.451	0.496	0.528	0.560	3.07274151	4
	0.000200	10.0792	0.80206203	0.7403	1.7264	3.8376	2.8834	0.454	1.508	0.523	0.438	0.473	0.502	0.531	3.07276130	4
	0.000200	10.0792	0.80207288	0.7403	1.7273	3.8362	2.8770	0.452	1.508	0.525	0.435	0.467	0.495	0.524	3.07276607	4
	0.000200	10.0792	0.80212873	0.7403	1.7319	3.8290	2.8436	0.440	1.511	0.534	0.418	0.437	0.461	0.488	3.07279015	4
	0.000200	10.0792	0.80218554	0.7403	1.7368	3.8217	2.8095	0.428	1.515	0.544	0.402	0.406	0.426	0.450	3.07281470	4
	0.000200	10.0792	0.80223995	0.7403	1.7419	3.8142	2.7742	0.415	1.522	0.556	0.386	0.377	0.391	0.412	3.07283807	4
	0.000200	10.0792	0.80229819	0.7402	1.7481	3.8060	2.7352	0.400	1.528	0.567	0.367	0.342	0.350	0.368	3.07286310	4
	0.000200	10.0792	0.80235255	0.7402	1.7538	3.7993	2.7028	0.385	1.533	0.574	0.350	0.313	0.316	0.331	3.07288647	4
	0.000200	10.0792	0.80240679	0.7402	1.7601	3.7925	2.6690	0.370	1.544	0.582	0.333	0.284	0.281	0.293	3.07290983	4
	0.000200	10.0792	0.80246216	0.7401	1.7664	3.7865	2.6389	0.354	1.552	0.587	0.316	0.256	0.248	0.257	3.07293367	4
	0.000200	10.0792	0.80251652	0.7401	1.7729	3.7811	2.6108	0.338	1.556	0.590	0.299	0.229	0.216	0.223	3.07295704	4
	0.000200	10.0792	0.80257058	0.7400	1.7805	3.7760	2.5826	0.319	1.558	0.589	0.279	0.200	0.183	0.187	3.07298040	4
	0.000200	10.0792	0.80263203	0.7400	1.7804	3.7741	2.5751	0.319	1.567	0.597	0.279	0.197	0.178	0.181	3.07300687	4
	0.000200	10.0792	0.80268830	0.7399	1.7961	3.7667	2.5297	0.280	1.572	0.586	0.239	0.144	0.118	0.118	3.07303095	4
	0.000200	10.0792	0.80274391	0.7398	1.8174	3.7594	2.4794	0.227	1.562	0.561	0.186	0.078	0.045	0.041	3.07305503	4
	0.000200	10.0792	0.80278128	0.7398	1.8432	3.7525	2.4258	0.162	1.540	0.524	0.121	0.002	-0.039	-0.047	3.07307100	4
	0.000200	10.0792	0.80280292	0.7397	1.8725	3.7456	2.3691	0.089	1.522	0.480	0.049	-0.083	-0.131	-0.142	3.07308030	4
	0.000200	10.0792	0.80281371	0.7397	1.9045	3.7391	2.3111	0.009	1.501	0.430	-0.030	-0.173	-0.228	-0.243	3.07308483	4
	0.000200	10.0792	0.80281872	0.7397	1.9365	3.7336	2.2568	-0.071	1.472	0.375	-0.108	-0.261	-0.323	-0.341	3.07308722	4
	0.000200	10.0792	0.80282140	0.7397	1.9710	3.7285	2.2020	-0.158	1.433	0.312	-0.193	-0.356	-0.423	-0.443	3.07308817	4
	0.000200	10.0792	0.80282289	0.7397	2.0054	3.7244	2.1511	-0.243	1.389	0.246	-0.278	-0.448	-0.520	-0.542	3.07308888	5
	0.000200	10.0792	0.80282301	0.7397	2.0081	3.7241	2.1472	-0.250	1.386	0.241	-0.284	-0.455	-0.527	-0.550	3.07308888	7
	0.000200	10.0792	0.80282402	0.7396	2.0473	3.7204	2.0932	-0.348	1.339	0.164	-0.380	-0.558	-0.634	-0.659	3.07308936	7
	0.000200	10.0792	0.80282491	0.7396	2.0842	3.7173	2.0439	-0.441	1.289	0.089	-0.470	-0.654	-0.734	-0.761	3.07308984	7
	0.000200	10.0792	0.80282581	0.7396	2.1179	3.7147	1.9999	-0.525	1.241	0.020	-0.553	-0.741	-0.825	-0.853	3.07309008	7
	0.000200	10.0792	0.80282670	0.7396	2.1400	3.7131	1.9716	-0.580	1.209	-0.026	-0.607	-0.799	-0.884	-0.913	3.07309055	7
	0.000200	10.0792	0.80282807	0.7396	2.1672	3.7113	1.9372	-0.648	1.169	-0.083	-0.674	-0.869	-0.957	-0.987	3.07309103	7
	0.000200	10.0792	0.80283058	0.7396	2.1478	3.7128	1.9626	-0.600	1.195	-0.044	-0.627	-0.819	-0.905	-0.934	3.07309222	7
	0.000200	10.0792	0.80283475	0.7396	2.1185	3.7149	2.0002	-0.526	1.237	0.017	-0.554	-0.742	-0.826	-0.854	3.07309389	7
	0.000200	10.0792	0.80286008	0.7393	2.1455	3.7125	1.9635	-0.594	1.204	-0.036	-0.620	-0.813	-0.900	-0.929	3.07310486	7
	0.000200	10.0792	0.80287552	0.7392	2.1791	3.7100	1.9197	-0.678	1.158	-0.105	-0.703	-0.901	-0.990	-1.021	3.07311153	7
	0.000200	10.0792	0.80289418	0.7390	2.2222	3.7070	1.8643	-0.786	1.096	-0.194	-0.809	-1.012	-1.106	-1.138	3.07311964	7
	0.000200	10.0792	0.80291319	0.7387	2.2770	3.7033	1.7948	-0.922	1.015	-0.309	-0.943	-1.154	-1.252	-1.287	3.07312775	7
	0.000200	10.0792	0.80293036	0.7385	2.3248	3.7003	1.7348	-1.042	0.943	-0.409	-1.061	-1.278	-1.380	-1.416	3.07313514	7
	0.000200	10.0792	0.80294549	0.7382	2.3685	3.6976	1.6801	-1.151	0.890	-0.498	-1.166	-1.389	-1.495	-1.533	3.07314157	7
	0.000200	10.0792	0.80295891	0.7378	2.4115	3.6950	1.6265	-1.259	0.839	-0.584	-1.270	-1.498	-1.608	-1.647	3.07314730	7
	0.000200	10.0792	0.80297065	0.7375	2.4535	3.6925	1.5743	-1.364	0.789	-0.669	-1.371	-1.605	-1.718	-1.759	3.07315230	7
	0.000200	10.0792	0.80298108	0.7372	2.4945	3.6901	1.5233	-1.466	0.740	-0.751	-1.469	-1.709	-1.826	-1.869	3.07315683	7
	0.000200	10.0792	0.80299056	0.7368	2.5357	3.6876	1.4721	-1.569	0.694	-0.833	-1.568	-1.814	-1.934	-1.979	3.07316089	7
	0.000200	10.0792	0.80299920	0.7364	2.5768	3.6852	1.4210	-1.672	0.650	-0.914	-1.667	-1.919	-2.042	-2.088	3.07316470	7
	0.000200	10.0792	0.80300730	0.7360	2.6180	3.6827	1.3696	-1.775	0.607	-0.994	-1.766	-2.024	-2.151	-2.199	3.07316828	7
	0.000200	10.0792	0.80301481	0.7355	2.6590	3.6801	1.3182	-1.878	0.566	-1.073	-1.864	-2.128	-2.259	-2.309	3.07317138	7
	0.000200	10.0792	0.80302197	0.7350	2.6996	3.6777	1.2674	-1.979	0.525	-1.152	-1.961	-2.232	-2.366	-2.417	3.07317448	7
	0.000200	10.0792	0.80302888	0.7344	2.7398	3.6752	1.2170	-2.079	0.486	-1.228	-2.057	-2.334	-2.472	-2.525	3.07317734	7
	0.000200	10.0792	0.80303544	0.7338	2.7806	3.6727	1.1656	-2.181	0.458	-1.302	-2.152	-2.435	-2.578	-2.633	3.07318020	7
	0.000200	10.0792	0.80304140	0.7331	2.8224	3.6700	1.1129	-2.286	0.432	-1.377	-2.248	-2.539	-2.686	-2.743	3.07318282	7
	0.000200	10.0792	0.80304635	0.7325	2.8635	3.6674	1.0608	-2.389	0.410	-1.449	-2.343	-2.641	-2.792	-2.851	3.07318497	7
	0.000200	10.0792	0.80305052	0.7318	2.9049	3.6647	1.0083	-2.492	0.389	-1.521	-2.438	-2.744	-2.899	-2.960	3.07318664	7
	0.000200	10.0792	0.80305409	0.7312	2.9451	3.6620	0.9571	-2.593	0.374	-1.588	-2.529	-2.843	-3.004	-3.067	3.07318830	7
	0.000200	10.0792	0.80305743	0.7305	2.9848	3.6594	0.9063	-2.692	0.362	-1.654	-2.620	-2.942	-3.107	-3.172	3.07318974	7
	0.000200	10.0792	0.80306083	0.7296	3.0270	3.6565	0.8522	-2.797	0.352	-1.722	-2.715	-3.046	-3.217	-3.284	3.07319117	7
	0.000200	10.0792	0.80306387	0.7287	3.0713	3.6535	0.7952	-2.908	0.344	-1.792	-2.815	-3.156	-3.332	-3.402	3.07319260	7
	0.000200	10.0792	0.80306488	0.7284	3.0895	3.6522	0.7716	-2.954	0.342	-1.820	-2.856	-3.201	-3.380	-3.451	3.07319283	7
	0.000200	10.0792	0.80306512	0.7283	3.1255	3.6496	0.7251	-3.044	0.343	-1.873	-2.936	-3.290	-3.473	-3.546	3.07319307	7
	0.000200	10.0792	0.80306542	0.7282	3.1698	3.6463	0.6677	-3.154	0.352	-1.935	-3.030	-3.395	-3.585	-3.661	3.07319307	7
	0.000200	10.0792	0.80306584	0.7280	3.2094	3.6433	0.6161	-3.253	0.363	-1.989	-3.113	-3.489	-3.684	-3.764	3.07319331	7
	0.000200	10.0792	0.80306607	0.7279	3.2134	3.6431	0.6110	-3.264	0.363	-1.995	-3.122	-3.498	-3.695	-3.774	3.07319355	7
	0.000200	10.0792	0.80306607	0.7279	3.2134	3.6431	0.6110	-3.264	0.363	-1.995	-3.122	-3.499	-3.695	-3.774	3.07319355	8
